12343 12129
13277 11996
13796 13476
15061 14559
14314 12889
13029 11726
10868 10599
14685 12953
13772 13303
14711 12953
11423 10155
14679 13232
15618 12892
13203 10397
14057 11298
14856 12704
11259 11027
14534 11097
11842 10540
12992 12191
11537 10397
11193 11146
14685 11503
13198 10800
13495 13487
14050 10800
13230 11057
14100 11540
12191 10279
13486 11292
12278 11867
13029 11057
10994 10693
13342 11042
13264 11563
16091 14512
11996 11042
14747 14027
13342 12478
13667 12197
14685 11697
13461 12448
13198 11973
12892 10800
11986 11057
14814 11292
15257 10299
13367 12544
11711 10272
15374 13244
14082 10408
14869 11233
14307 14100
14259 13851
13710 10299
12264 12222
14107 13341
15249 12197
13196 11028
15356 12478
15841 14828
14898 10800
14805 12822
15167 11493
12397 12197
14321 11042
15153 13303
10792 10577
15295 10819
12278 10529
14081 10463
14761 13230
14683 11259
12173 11193
14843 12339
13830 13342
13891 10559
15167 13495
14130 12831
14100 11503
14679 13796
15618 11259
13541 12197
11823 10540
14107 10721
13232 10713
14633 11823
12264 10965
14747 12915
13342 10257
15153 10819
13485 10590
15016 10299
12197 11106
11013 10408
14027 11789
12889 10397
10781 10140
14683 11481
13871 10136
11042 10140
14843 13198
12448 11986
16091 13290
13422 11066
15601 11638
13495 11298
14696 13052
13303 13232
14057 11603
14122 12323
14908 12915
15741 12253
14869 11865
13930 10800
11174 10529
12884 10868
14282 12851
14831 13158
14771 11193
14081 11292
12721 10170
12389 11292
15502 11042
15376 11066
15024 14771
12451 12217
11259 11086
15096 12348
14627 10416
14635 12898
15919 14761
12755 10299
11618 10849
14831 10140
11637 10409
14119 12638
14092 11057
15862 13770
15295 10599
14255 10540
12587 10785
13930 11109
11617 11267
14853 14730
13851 11481
14492 13795
15096 14574
14683 11638
13485 11433
16091 14492
11337 10631
11445 10926
13196 10996
14107 10994
14797 12175
13341 12892
14255 10154
14869 11775
13873 10139
14477 13002
11721 10713
13256 11267
14057 13198
11995 10158
14679 11292
13342 11278
15618 14027
13930 11577
12878 10298
14108 13851
15370 11066
15096 10868
13061 12917
13487 10683
13244 11775
13891 11884
14588 10194
12451 12448
14524 12892
14027 11292
13851 10529
13930 11995
14730 12992
11450 10800
15887 13710
14908 10713
14689 11540
13121 11433
12892 11637
13232 13029
12953 11540
13535 11899
10933 10721
12945 12544
13770 10996
14100 11292
14792 14577
12953 11637
14057 10279
12339 10792
12945 10693
14908 10559
13342 10434
11445 10165
14492 13931
15370 12264
12676 10139
14307 10933
12896 11921
10170 10056
14771 10713
13770 10299
12394 12244
10279 10257
11995 11764
13061 10466
15043 10747
12884 11067
14696 14574
12892 12324
15257 11550
15376 14730
12853 10304
12945 12007
13342 10279
13087 11982
12892 10140
14100 11233
14112 10874
13303 10257
15879 15167
13871 13796
13198 10676
13377 12896
11267 10140
13851 10268
14893 14635
12953 10397
14492 12191
14869 12003
13198 10279
14843 12264
12889 10666
15579 11844
13360 10874
13485 11977
13964 12280
14092 10185
13303 13105
11637 10268
15167 12197
11721 11292
14512 13487
12191 10713
14730 13667
13367 12264
14670 13232
14908 10800
14869 10140
16133 11111
13930 11097
13244 12264
15370 13230
11986 10140
12719 11844
15304 13796
11618 10599
12451 10216
11252 10994
14761 13832
11697 11540
12884 12007
13487 10141
14683 13342
14771 14122
14908 12217
14574 10397
13461 10643
15380 12889
14570 13796
12222 10581
14908 14576
11042 10792
10731 10208
14252 11884
11042 10781
15096 13487
14288 11292
14952 12339
14730 11067
11898 11433
14895 11630
14747 12173
14122 13667
15167 11615
10754 10247
15096 13342
13158 10194
12915 12892
12264 10434
13930 12945
14730 11146
13303 11563
14679 14262
11411 10139
13830 12889
13198 11066
14730 11977
11973 10721
11648 10397
14689 13232
14492 12197
13198 12945
14122 11441
13485 13198
10821 10257
14150 13930
10800 10423
14987 10304
15085 12807
14831 10792
14747 13158
12896 12451
15412 14112
16680 12197
15618 10800
15741 11484
13487 11042
15167 11027
14908 13303
14306 12478
14685 13931
11003 10154
14730 11726
14098 13244
14112 10431
11823 10980
10775 10304
15074 10693
14908 13158
14843 11259
13196 12807
10849 10779
13931 11986
11049 10185
11042 10529
13241 12007
11977 10397
13198 10721
12197 11066
13931 13230
14492 10257
13244 10713
12451 10158
14814 14635
11267 11193
14683 11995
13891 12758
12191 11790
14100 10868
11898 11292
13898 13487
12953 12173
14273 11336
15380 14492
15370 11898
13139 10868
12266 11996
14492 12339
12441 12266
14716 12324
15096 11057
15054 12228
15096 15027
15798 11492
14730 12478
14747 11588
15016 14107
14057 11057
10785 10431
13158 11140
14027 10257
13486 10800
14512 10590
12758 12549
14576 11259
14100 12124
14683 10155
12915 12390
14683 12896
14050 13232
13464 13256
12889 11423
13796 12280
15048 13930
11637 10627
12523 10886
13341 12953
14112 12451
16091 11165
13198 11057
14875 10721
14321 13158
14905 13796
12264 10216
14576 10792
14895 12704
15380 10590
13087 11066
13342 11612
15249 12451
14307 12278
14942 12184
12755 11336
13244 10980
10732 10721
14952 11298
15249 12348
14730 14122
12397 10815
14635 14524
12478 10529
12819 11630
15370 10994
15016 11433
15153 13461
11789 11111
15016 14524
15626 11126
15167 11456
11540 11259
16704 14553
13851 10874
13796 13158
14679 14027
13342 11076
13871 11423
14744 11695
12266 10158
11612 11278
12728 12610
13244 11193
14004 10299
12451 11618
15016 11042
14193 10423
13158 12191
14635 13891
12748 10245
12264 12217
13796 10327
11267 10590
14685 12451
15385 11336
13127 12889
13303 10279
11695 11450
14262 10590
15339 11280
14570 12478
14895 12087
13871 11618
14234 12087
15634 14539
14492 13296
13495 11618
15376 14107
13061 10298
13232 12314
13244 11146
14307 13884
14771 13290
12339 10558
14730 10216
13796 13577
13434 10551
13931 12191
12953 12280
14057 11638
15325 11638
15841 10245
10299 10225
12478 10821
13796 13464
13487 12129
13244 11884
13342 10599
14559 13415
15376 14576
15096 10990
16091 13487
13655 13577
14321 10329
11298 11193
11941 10299
12320 11433
13958 10540
15376 12339
10721 10529
12889 10620
10713 10423
14131 12264
13871 12055
13485 10849
11996 10781
10965 10721
12544 12339
14730 10540
15919 14783
13930 13871
14908 10994
13871 10372
14633 10693
15356 14696
15376 14893
14100 10990
14679 13931
12217 11057
11726 11298
14771 14492
12094 11637
12055 10819
15370 13158
15448 10245
12892 11638
14908 11267
16133 11540
15380 10268
15478 12851
12191 10423
11612 11057
12007 11953
14576 11537
12124 11057
11292 10558
14709 10551
14492 10409
15167 11697
13487 10140
14814 11057
11778 11298
14100 11973
14831 14771
13933 13204
12807 10551
12934 10693
12635 11511
12889 11203
10874 10721
14487 12892
12448 11278
13796 12324
13303 11618
15389 14771
11898 10408
13434 11550
10821 10423
11057 10990
11278 10140
13296 13204
13931 10257
12278 10423
14747 10299
14576 14057
13232 11042
12339 11057
14057 12892
15016 11540
13158 11865
14711 12544
14987 10299
12294 10299
12320 11823
13377 11531
13851 12451
16091 14877
15422 10299
12878 12348
14711 13485
11603 10620
13579 12779
15412 11423
15027 10257
10933 10557
14524 11764
13485 10683
13241 12448
14321 11267
13422 10397
15293 15257
10747 10185
14843 12451
14100 11146
12915 12264
15502 10397
16091 15163
13061 11721
14512 14057
13930 13485
15249 10721
11423 10466
15167 13204
11540 11481
10397 10372
15855 12197
14112 13367
13931 12266
15370 13796
14869 14107
13198 10713
13710 12737
15304 11423
12264 11252
16603 13002
12264 11669
14112 10693
15295 11415
12915 10423
15167 10654
14321 14107
14831 13296
12217 11433
14689 11982
16479 12197
14256 11336
14574 11995
15389 14113
12772 10243
13487 10540
12954 12173
14761 11980
11921 10466
14685 13487
12156 11563
12807 12769
10747 10466
13303 13277
15085 14234
15376 11298
11721 10140
11775 10683
13204 10599
13076 11292
15370 11540
12217 11252
16133 14112
12544 10874
13377 10540
15167 13232
14869 11292
14057 11775
13029 12339
14960 12891
15478 14013
15825 13303
13204 10821
14112 10581
13256 10778
13360 12391
13232 10540
15295 10333
12917 10135
12892 11721
14102 10640
13204 12544
13232 10683
15153 11267
12478 12191
14905 14004
11066 10599
15070 14057
11433 10732
14057 13891
14122 10821
13891 12953
11884 10299
15167 14633
14193 14122
16091 11122
11042 10868
11630 10349
10434 10397
12892 11503
12007 10781
15070 12191
12889 11618
12266 10781
12953 11433
14282 13873
11336 10551
12141 11630
12451 12264
14400 11764
14919 12184
14679 11278
15618 14314
15502 11995
11066 10792
14107 11057
12896 10693
12719 11241
10540 10397
14027 10868
13388 11292
13930 12892
13930 10431
14576 14512
13931 10478
14108 10397
14150 11510
13942 10640
13731 12222
14081 10661
13577 12197
14730 14679
12671 12321
14576 10529
15412 13303
15794 12822
14679 10800
13342 13184
11953 10397
14761 14122
12391 10329
14262 14107
16567 14738
14100 11123
13619 13303
16091 11996
11503 10257
13461 10778
16091 12888
14893 14489
13204 10257
11931 10693
13796 10257
13264 11292
13029 11638
15569 10423
10299 10184
10819 10171
14112 10721
13342 10540
13459 10590
13204 12391
14553 10559
14307 10140
15356 10721
15919 11973
15016 10693
12206 10994
14635 11973
15096 11697
14102 12844
15016 14112
13891 10868
14908 11638
14685 12992
14122 10322
11996 11618
15304 12264
13931 10990
15376 11278
12147 11870
12953 10135
13871 13851
13931 12478
15096 14492
12917 10721
11986 10821
11433 10397
11995 11057
15069 12184
15024 13198
14877 13796
13487 13061
11844 11550
11049 10279
11456 10721
11637 11447
13682 12544
14100 12191
15304 10581
15412 13342
14307 10155
14696 14259
13873 11555
13795 10397
11057 10747
12884 11150
15304 12391
15554 15478
14709 10640
11719 10140
15016 13158
16540 10540
12391 11540
14275 12266
15376 10140
14683 11376
11977 11563
14814 13151
14259 10990
12206 11298
12896 10721
12264 10721
13930 13232
15070 10185
15376 10466